x <- c(1:3)
